ISS (ZARYA)             
1 25544U 98067A   24296.81522276  .00022878  00000+0  40407-3 0  9990
2 25544  51.6395  43.2315 0009124  94.8327 265.3704 15.50216419478345
CSS (TIANHE)            
1 48274U 21035A   24296.61171914  .00062587  00000+0  60427-3 0  9998
2 48274  41.4685  25.6223 0004590 253.6432 106.3904 15.65534502199039
ISS (NAUKA)             
1 49044U 21066A   24296.55736390  .00020371  00000+0  36098-3 0  9998
2 49044  51.6395  44.5095 0009137  94.0690 266.1344 15.50200925184072
FREGAT DEB              
1 49271U 11037PF  24296.29275633  .00015045  00000+0  38162-1 0  9990
2 49271  51.6253 341.3484 0901020  36.3909 329.4887 12.21771984150713
CSS (WENTIAN)           
1 53239U 22085A   24296.22896022  .00054333  00000+0  52664-3 0  9996
2 53239  41.4684  27.9689 0004596 252.9685 107.0652 15.65483605124396
CSS (MENGTIAN)          
1 54216U 22143A   24296.22896022  .00054333  00000+0  52664-3 0  9997
2 54216  41.4684  27.9689 0004596 252.9685 107.0652 15.65483605111815
TIANZHOU-7              
1 58811U 24013A   24296.22896022  .00054333  00000+0  52664-3 0  9990
2 58811  41.4684  27.9689 0004596 252.9685 107.0652 15.65483605474889
CREW DRAGON 8           
1 59097U 24042A   24296.55736390  .00020371  00000+0  36098-3 0  9994
2 59097  51.6395  44.5095 0009137  94.0690 266.1344 15.50200925 35739
1998-067WL              
1 59561U 98067WL  24296.29375585  .00150076  00000+0  84404-3 0  9994
2 59561  51.6262  30.6700 0005715 349.6382  10.4500 15.78235814 29194
SHENZHOU-18 (SZ-18)     
1 59591U 24078A   24296.22896022  .00054333  00000+0  52664-3 0  9997
2 59591  41.4684  27.9689 0004596 252.9685 107.0652 15.65483605 27777
SZ-17 MODULE            
1 59624U 23164C   24296.64458106  .00142819  00000+0  56429-3 0  9992
2 59624  41.4730  13.2130 0010911  70.8694 289.3334 15.85485938 27617
PROGRESS-MS 27          
1 59913U 24103A   24296.55736390  .00020371  00000+0  36098-3 0  9999
2 59913  51.6395  44.5095 0009137  94.0690 266.1344 15.50200925 22451
CYGNUS NG-21            
1 60378U 24139A   24296.55736390  .00020371  00000+0  36098-3 0  9995
2 60378  51.6395  44.5095 0009137  94.0690 266.1344 15.50200925 11995
PROGRESS-MS 28          
1 60450U 24145A   24296.55736390  .00020371  00000+0  36098-3 0  9993
2 60450  51.6395  44.5095 0009137  94.0690 266.1344 15.50200925 10456
BINAR-4                 
1 60952U 98067WS  24296.54308762  .00620218  00000+0  30904-2 0  9996
2 60952  51.6279  39.8946 0008310 356.9964   3.0986 15.79613106  8460
COSMOGIRLSAT            
1 60953U 98067WT  24296.74815134  .00196902  00000+0  18526-2 0  9999
2 60953  51.6331  40.5333 0003764  75.0537 285.0875 15.65940644  8477
SAKURA                  
1 60954U 98067WU  24296.71630503  .00225923  00000+0  19296-2 0  9993
2 60954  51.6328  40.3191 0003521  53.5409 306.5912 15.68236761  8476
1998-067WV              
1 60955U 98067WV  24295.33823779  .06453473  12009-4  26290-2 0  9998
2 60955  51.6166  43.0490 0010894 336.3668  23.6849 16.22453324  8315
BINAR-2                 
1 60956U 98067WW  24296.52382875  .00450654  00000+0  27962-2 0  9990
2 60956  51.6214  40.4998 0006315   9.6785 350.4335 15.75139301  8445
BINAR-3                 
1 60957U 98067WX  24296.71486909  .00579404  00000+0  28899-2 0  9990
2 60957  51.6221  38.7835 0009841   3.4323 356.6744 15.79682601 10479
1998-067WY              
1 60958U 98067WY  24296.57255110  .00164073  00000+0  16309-2 0  9998
2 60958  51.6358  41.6160 0003957  86.4996 273.6452 15.64676293  8435
SOYUZ-MS 26             
1 61043U 24162A   24296.55736390  .00020371  00000+0  36098-3 0  9991
2 61043  51.6395  44.5095 0009137  94.0690 266.1344 15.50200925477980
CREW DRAGON 9           
1 61447U 24178A   24296.55736390  .00020371  00000+0  36098-3 0  9996
2 61447  51.6395  44.5095 0009137  94.0690 266.1344 15.50200925  3387
CYSAT-1                 
1 61501U 98067WZ  24296.53499678  .00134348  00000+0  19915-2 0  9996
2 61501  51.6376  44.3593 0007768  99.9295 260.2573 15.54252672  2233
DORA                    
1 61502U 98067XA  24296.78359108  .00234553  00000+0  31837-2 0  9993
2 61502  51.6377  43.0205 0006732  66.4761 293.6937 15.56274074  2267
